3-p pan 0.449616 16 0.635006 0.38292 0 0.411787 0 0 0.450583 0 0 0
0 0 0 0 0 0;
3-p pan-rnd 0.20339 16 0.20339 0.355932 0 0.0847458 0 0 0.20339 0 0
0 0 0 0 0 0 0;
3-p noautopan 0 16 0 0 0 0 0 0 0 0 0 0 0 0 0 0 0 0;
3-p hip 0.299213 16 0.299213 0.15748 0 0.15748 0 0 0.314961 0 0 0 0
0 0 0 0 0;
3-p auto 1 0;
3-p proba 0.0117527 0;
3-p pitch 0.5 16 0.5 0.606299 0 0.5 0 0 0.5 0 0 0 0 0 0 0 0 0;
3-p pitch-rnd 0.355932 16 0.355932 0.440678 0 0.288136 0 0 0 0 0 0
0 0 0 0 0 0;
3-p len 0.251969 16 0.251969 0.511811 0 0.283465 0 0 0.0708661 0 0
0 0 0 0 0 0 0;
3-p len-rnd 0.152542 16 0.152542 0.355932 0 0.152542 0 0 0.305085 0
0 0 0 0 0 0 0 0;
3-p start 0.0314961 16 0.0314961 0.0314961 0 0.0393701 0 0 0.015748
0 0 0 0 0 0 0 0 0;
3-p start-rnd 0.20339 16 0.20339 0.237288 0 0.0677966 0 0 0.101695
0 0 0 0 0 0 0 0 0;
3-p spectrum 0.511811 16 0.511811 0.472441 0 0.488189 0 0 0.480315
0 0 0 0 0 0 0 0 0;
3-p envmin 0.496063 16 0.496063 0.464567 0 0.472441 0 0 0.488189 0
0 0 0 0 0 0 0 0;
2-p pan 0.449616 16 0.545024 0.527559 0 0.411787 0 0 0.450583 0 0 0
0 0 0 0 0 0;
2-p pan-rnd 0.152542 16 0.152542 0.101695 0 0.0677966 0 0 0.152542
0 0 0 0 0 0 0 0 0;
2-p noautopan 0 16 0 1 0 0 0 0 0 0 0 0 0 0 0 0 0 0;
2-p hip 0.480315 16 0.480315 0.338583 0.559055 0.259843 0 0.472441
0.291339 0.464567 0 0 0 0 0 0 0 0.559055;
2-p auto 1 0;
2-p proba 0.0127819 0;
2-p pitch 0.645669 16 0.645669 0.645669 0.5 0.5 0.204724 0.370079 0.5
0.748031 0 0 0 0 0 0 0 0.527559;
2-p pitch-rnd 0.576271 16 0.576271 0.576271 0 0.271186 0.474576 0.372881
0 0.0677966 0 0 0 0 0 0 0 0.254237;
2-p len 0.259843 16 0.259843 0.259843 0.259843 0.102362 0.102362 0.015748
0.015748 0.0393701 0 0 0 0 0 0 0 0.259843;
2-p len-rnd 0.118644 16 0.118644 0.118644 0.440678 0.881356 0.881356
0.254237 0.254237 0.0169492 0 0 0 0 0 0 0 0.440678;
2-p start 0.023622 16 0.023622 0.023622 0.00787402 0.00787402 0 0.00787402
0 0 0 0 0 0 0 0 0 0.00787402;
2-p start-rnd 0.20339 16 0.20339 0.20339 0.20339 0.305085 0.288136
0.20339 0.0508475 0.305085 0 0 0 0 0 0 0 0.20339;
2-p spectrum 0.503937 16 0.503937 0.503937 0.503937 0.503937 0.503937
0.503937 0.503937 0.503937 0 0 0 0 0 0 0 0.503937;
2-p envmin 0.503937 16 0.503937 0.503937 0.503937 0.503937 0.755906
0.503937 0.503937 0.503937 0 0 0 0 0 0 0 0.503937;
invol-3 0.708861 16 0.708861 0.746835 0 0.734177 0 0 0.734177 0 0 0
0 0 0 0 0 0;
invol-2 0.721519 16 0.721519 0.721519 0.721519 0.721519 0.721519 0.721519
0.759494 0.898734 0 0 0 0 0 0 0 0.721519;
invol-1 0.708861 16 0.708861 0.670886 0.708861 0.708861 0.708861 0.708861
0.708861 0.873418 0 0 0 0 0 0 0 0.708861;
1-p pan 0.449616 16 0.635006 0.480315 0 0.411787 0 0 0.450583 0 0 0
0 0 0 0 0 0;
1-p pan-rnd 0.118644 16 0.118644 0.135593 0 0.0847458 0 0 0.271186
0 0 0 0 0 0 0 0 0;
1-p noautopan 0 16 0 1 0 0 0 0 0 0 0 0 0 0 0 0 0 0;
1-p hip 0.511811 16 0.511811 0.519685 0.370079 0.299213 0 0.370079
0.370079 0.330709 0 0 0 0 0 0 0 0.370079;
1-p auto 1 0;
1-p proba 0.0117527 0;
1-p pitch 0.732283 16 0.732283 0.732283 0.527559 0.527559 0.275591
0.527559 0.527559 0.385827 0 0 0 0 0 0 0 0.5;
1-p pitch-rnd 0.559322 16 0.559322 0.559322 0.288136 0.288136 0.474576
0.288136 0.288136 0.0677966 0 0 0 0 0 0 0 0;
1-p len 0.228346 16 0.228346 0.228346 0.629921 0.629921 0.629921 0.629921
0.629921 0.0708661 0 0 0 0 0 0 0 0.629921;
1-p len-rnd 0.101695 16 0.101695 0.101695 0.135593 0.135593 0.135593
0.135593 0.135593 0.0677966 0 0 0 0 0 0 0 0.135593;
1-p start 0.023622 16 0.023622 0.023622 0.015748 0.015748 0 0.015748
0.015748 0.015748 0 0 0 0 0 0 0 0.015748;
1-p start-rnd 0.20339 16 0.20339 0.20339 0.135593 0.135593 0.271186
0.135593 0.135593 0.322034 0 0 0 0 0 0 0 0.135593;
1-p spectrum 0.496063 16 0.496063 0.496063 0.496063 0.496063 0.496063
0.496063 0.496063 0.496063 0 0 0 0 0 0 0 0.496063;
1-p envmin 0.496063 16 0.496063 0.496063 0.496063 0.496063 0.771654
0.496063 0.496063 0.496063 0 0 0 0 0 0 0 0.496063;
