A-patternMAX 2 0;
A freeze 0 16 0 0 0 0 0 0 0 0 0 0 0 0 0 0 0 0;
A sampleur_single 0 16 0 0 0 0 0 0 0 0 0 0 0 0 0 0 0 0;
A sampleur_bank 6 16 1 1 1 0 1 0 6 2 1 3 6 6 6 6 0 0;
A sampleur 1 16 0 0 0 0 1 0 0 1 0 1 1 1 0 1 0 0;
A tigre 1 16 0 0 0 0 0 0 0 0 0 0 0 0 0 1 0 0;
A poster 0 16 0 0 0 0 0 1 0 0 0 0 0 1 0 0 0 1;
A solar 0 16 0 0 0 0 0 0.00502513 0 0 0 0 0 0 0 0 0 0.00502513;
A maskbg 1 16 0 0 0 0 0 0 0 0 0 0 0 1 1 1 0 0;
A mask 1 16 0 1 1 1 1 1 1 1 1 1 1 1 1 1 1 1;
A sat 0 16 0.497487 0.522613 0.442211 0.437186 0.487437 0.527638 0.477387
0.487437 0.432161 0.437186 0.437186 0.482412 0.386935 0 0 0.497487
;
A contrast 0.341709 16 0.316583 0.316583 0.346734 0.366834 0.346734
0.306533 0.346734 0.346734 0.366834 0.346734 0.346734 0.346734 0.296482
0.341709 0 0.276382;
A lum 0.306533 16 0.753769 0.753769 0.753769 0.753769 0.753769 0.753769
0.753769 0.753769 0.753769 0.753769 0.753769 0.753769 0.231156 0.306533
0.487437 0.753769;
A delai 0 16 0 0 0 0 0 0 0 0 0 0 0 0 0 0 0 0;
A formant 0 16 0 0 0 0 1 0 0 0 0 0 0 0 0 0 0 0;
A choc_sens 0.405063 16 0 0.379747 0.468354 0.468354 0 0 0.417722 0.78481
0.417722 0.670886 0.670886 1 0.405063 0.405063 0.468354 0;
A fb 0 16 0 0 0 0 0 0 0 0 0 0 0 0 0 0 0 0;
A mix_freeze 0 16 0 0 0 0 0 0 0 0 0 0 0 0 0 0 0 0;
A mix_chocs 0 16 0 0.974874 0 0 0 0 0 0 0 0 0 0 0 0 0 0;
A mix_retard 0 16 0 0 1 0 0 0 0 0 0 0 0 0 0 0 0 0;
A noise 0 16 0 0 0 0 0 0 0 0 0 0 0 0 0 0 0 0;
B-patternMAX 0 0;
B sample_threshold 0.405063 16 0 0 0 0 0 0 0 0 0 0 0 0 0 0 0 0;
