size 16 16 0 0 0 0 0 0 0 0 0 0 0 0 0 0 0 0;
prefdist 4.72 16 0 0 0 0 0 0 0 0 0 0 0 0 0 0 0 0;
accel 12.91 16 0 0 0 0 0 0 0 0 0 0 0 0 0 0 0 0;
inertia 13 16 0 0 0 0 0 0 0 0 0 0 0 0 0 0 0 0;
speed 2.54 16 0 0 0 0 0 0 0 0 0 0 0 0 0 0 0 0;
avoid 3.5 16 0 0 0 0 0 0 0 0 0 0 0 0 0 0 0 0;
match 1.11 16 0 0 0 0 0 0 0 0 0 0 0 0 0 0 0 0;
repuls1 1.66 16 0 0 0 0 0 0 0 0 0 0 0 0 0 0 0 0;
attract1 14.28 16 0 0 0 0 0 0 0 0 0 0 0 0 0 0 0 0;
repuls234 1.66 16 0 0 0 0 0 0 0 0 0 0 0 0 0 0 0 0;
center 1.2 16 0 0 0 0 0 0 0 0 0 0 0 0 0 0 0 0;
minspeed 1.13 16 0 0 0 0 0 0 0 0 0 0 0 0 0 0 0 0;
maxspeed 1.39 16 0 0 0 0 0 0 0 0 0 0 0 0 0 0 0 0;
