15 63 18 3 95 76 87 14 15 0 2   16  223 204 255 103 2   32 32 11 34 26 42 17 0 0 0 0 63  : bug
15 63 2  3 95 76 7  66 0  0 231 16  195 196 197 198 231 0  32 0  0  0  0  16 0 0 0 0 63  : OK
15 63 2  1 95 76 23 14 0  0 247 16  195 150 241 102 231 19 32 14 32 8  16 17 0 0 0 0 63 : bug

                                RX_pipes                 TX    RXPAYLEN
15 63 2  3 95 76 6 66 0 0        226 16 195 196 101 70    103   16 32 0  0  8  0    16 0 0 0 0 63 : OK
15 63 2  3 95 76 6 14 0 0        231 16 223 142 255 103   231   17 32 11 34 26 42   17 0 0 0 0 63 : NOT
15 63 2  3 95 76 7 66 0 0        231 16 195 196 197 198   231   0  32 0  0  0  0    16 0 0 0 0 63 : OK
15 63 6  3 95 76 6 14 0 0        230 16 203 134 241 103   229   17 32 15 32 8 16    17 0 0 0 0 63   NOT
15 63 50 3 95 76 6 14 0 0        150 16 35  228 255 103   175   0 32 43 34 26 38    17 0 0 0 0 63   NOT
bugs: 
02=EN_RXADDR (pipes enable)
03=SETUP_AW 3=5bytes 1=3bytes
06=RF_SETUP (data rate) 6=1Mb 7=1Mb 87=1Mb+PLL_LOCK+!!
07=STATUS 66=(RX_DR[=data_ready] + RX_PIPE_NO=1) 14=RX_FIFO_empty
17=FIFO_STATUS 16(OK)=TX_EMPTY   17(NOT)=TX_EMPTY+RX_EMPTY
