maxVelocity 2.79861 16 2.79861 0 0 0 0 0 0 0 0 0 0 0 0 0 0 0;
maxDensity 2.13559 16 2.13559 0 0 0 0 0 0 0 0 0 0 0 0 0 0 0;
maxForce 0.174803 16 0.174803 0 0 0 0 0 0 0 0 0 0 0 0 0 0 0;
density\ from\ vorticity 0 16 0 0 0 0 0 0 0 0 0 0 0 0 0 0 0 0;
density\ from\ pressure 0 16 0 0 0 0 0 0 0 0 0 0 0 0 0 0 0 0;
velocityOffset 0 16 0 0 0 0 0 0 0 0 0 0 0 0 0 0 0 0;
densityOffset 0.000393701 16 0.000393701 0 0 0 0 0 0 0 0 0 0 0 0 0
0 0;
dissipation 0.0128848 16 0.0128848 0 0 0 0 0 0 0 0 0 0 0 0 0 0 0;
vorticity 0.573377 16 0.573377 0 0 0 0 0 0 0 0 0 0 0 0 0 0 0;
viscosity 0.0317441 16 0.0317441 0 0 0 0 0 0 0 0 0 0 0 0 0 0 0;
cell\ size 0.597706 16 0.597706 0 0 0 0 0 0 0 0 0 0 0 0 0 0 0;
speed 23.0702 16 23.0702 0 0 0 0 0 0 0 0 0 0 0 0 0 0 0;
