----alpha 1 16 1 1 0 0 0 0 0 0 0 0 0 0 0 0 0 0;
----alpha 1 16 1 1 0 0 0 0 0 0 0 0 0 0 0 0 0 0;
fluid-boidsVelecity 0.109368 16 0.109368 0.330399 0 0 0 0 0 0 0 0 0
0 0 0 0 0;
fluid-circDensity 0.0131811 16 0.0131811 0 0 0 0 0 0 0 0 0 0 0 0 0
0 0;
fluid-boidsDensity 0.0289589 16 0.0289589 0.0539899 0 0 0 0 0 0 0 0
0 0 0 0 0 0;
fluid-maxVelocity 2.79861 16 2.79861 2.79861 0 0 0 0 0 0 0 0 0 0 0
0 0 0;
fluid-maxDensity 2.13559 16 2.13559 2.13559 0 0 0 0 0 0 0 0 0 0 0 0
0 0;
fluid-maxForce 0.174803 16 0.174803 0.174803 0 0 0 0 0 0 0 0 0 0 0
0 0 0;
fluid-density\ from\ vorticity 0 16 0 0 0 0 0 0 0 0 0 0 0 0 0 0 0 0
;
fluid-density\ from\ pressure 0 16 0 0 0 0 0 0 0 0 0 0 0 0 0 0 0 0
;
fluid-velocityOffset 0 16 0 0 0 0 0 0 0 0 0 0 0 0 0 0 0 0;
fluid-densityOffset 0.000393701 16 0.000393701 0.000393701 0 0 0 0
0 0 0 0 0 0 0 0 0 0;
fluid-dissipation 0.0128848 16 0.0128848 0.0128848 0 0 0 0 0 0 0 0
0 0 0 0 0 0;
fluid-vorticity 0.573377 16 0.573377 0.573377 0 0 0 0 0 0 0 0 0 0 0
0 0 0;
fluid-viscosity 0.0317441 16 0.0317441 0.00607601 0 0 0 0 0 0 0 0 0
0 0 0 0 0;
fluid-cell\ size 0.597706 16 0.597706 0.597706 0 0 0 0 0 0 0 0 0 0
0 0 0 0;
fluid-speed 23.0702 16 23.0702 23.0702 0 0 0 0 0 0 0 0 0 0 0 0 0 0
;
----alpha 0 16 0 1 0 0 0 0 0 0 0 0 0 0 0 0 0 0;
boids-size 62.5392 16 62.5392 62.5392 0 0 0 0 0 0 0 0 0 0 0 0 0 0;
boids-accel 12.91 16 12.91 12.91 0 0 0 0 0 0 0 0 0 0 0 0 0 0;
boids-repuls1rad 188.325 16 188.325 134.292 0 0 0 0 0 0 0 0 0 0 0 0
0 0;
boids-prefdist 4.72 16 4.72 4.72 0 0 0 0 0 0 0 0 0 0 0 0 0 0;
boids-minspeed 0.938558 16 0.938558 0.938558 0 0 0 0 0 0 0 0 0 0 0
0 0 0;
boids-maxspeed 1.52781 16 1.52781 1.52781 0 0 0 0 0 0 0 0 0 0 0 0 0
0;
boids-inertia 13 16 13 5.02347 0 0 0 0 0 0 0 0 0 0 0 0 0 0;
boids-speed 2.54 16 2.54 5.56637 0 0 0 0 0 0 0 0 0 0 0 0 0 0;
boids-avoid 5.42535 16 5.42535 36.1045 0 0 0 0 0 0 0 0 0 0 0 0 0 0
;
boids-match 5.04698 16 5.04698 0.678169 0 0 0 0 0 0 0 0 0 0 0 0 0 0
;
boids-repuls1 2.63161 16 2.63161 2.63161 0 0 0 0 0 0 0 0 0 0 0 0 0
0;
boids-attract1 5.04698 16 5.04698 5.04698 0 0 0 0 0 0 0 0 0 0 0 0 0
0;
boids-center 1.2 16 1.2 0.0536277 0 0 0 0 0 0 0 0 0 0 0 0 0 0;
----alpha 1 16 1 1 0 0 0 0 0 0 0 0 0 0 0 0 0 0;
