mappingDivide 1 16 0 0 0 0 0 0 0 0 0 0 0 0 0 0 0 0;
RIGHT-on 1 16 0 0 0 0 0 0 0 0 0 0 0 0 0 0 0 0;
RIGHT-B 1 16 0 0 0 0 0 0 0 0 0 0 0 0 0 0 0 0;
RIGHT-V 0 16 0 0 0 0 0 0 0 0 0 0 0 0 0 0 0 0;
RIGHT-R 1 16 0 0 0 0 0 0 0 0 0 0 0 0 0 0 0 0;
RIGHT-corner-3-y 288 16 0 0 0 0 0 0 0 0 0 0 0 0 0 0 0 0;
RIGHT-corner-3-x -34 16 0 0 0 0 0 0 0 0 0 0 0 0 0 0 0 0;
RIGHT-corner-2-y 257 16 0 0 0 0 0 0 0 0 0 0 0 0 0 0 0 0;
RIGHT-corner-2-x 1279 16 0 0 0 0 0 0 0 0 0 0 0 0 0 0 0 0;
RIGHT-corner-1-y -84 16 0 0 0 0 0 0 0 0 0 0 0 0 0 0 0 0;
RIGHT-corner-1-x 1086 16 0 0 0 0 0 0 0 0 0 0 0 0 0 0 0 0;
RIGHT-corner-0-y -88 16 0 0 0 0 0 0 0 0 0 0 0 0 0 0 0 0;
RIGHT-corner-0-x 143 16 0 0 0 0 0 0 0 0 0 0 0 0 0 0 0 0;
LEFT-on 0 16 0 0 0 0 0 0 0 0 0 0 0 0 0 0 0 0;
LEFT-B 0 16 0 0 0 0 0 0 0 0 0 0 0 0 0 0 0 0;
LEFT-V 1 16 0 0 0 0 0 0 0 0 0 0 0 0 0 0 0 0;
LEFT-R 0 16 0 0 0 0 0 0 0 0 0 0 0 0 0 0 0 0;
LEFT-corner-3-y 380 16 0 0 0 0 0 0 0 0 0 0 0 0 0 0 0 0;
LEFT-corner-3-x -936 16 0 0 0 0 0 0 0 0 0 0 0 0 0 0 0 0;
LEFT-corner-2-y 330.03 16 0 0 0 0 0 0 0 0 0 0 0 0 0 0 0 0;
LEFT-corner-2-x -2.99 16 0 0 0 0 0 0 0 0 0 0 0 0 0 0 0 0;
LEFT-corner-1-y -600.24 16 0 0 0 0 0 0 0 0 0 0 0 0 0 0 0 0;
LEFT-corner-1-x -30.93 16 0 0 0 0 0 0 0 0 0 0 0 0 0 0 0 0;
LEFT-corner-0-y -518 16 0 0 0 0 0 0 0 0 0 0 0 0 0 0 0 0;
LEFT-corner-0-x -995 16 0 0 0 0 0 0 0 0 0 0 0 0 0 0 0 0;
