invol-2 0.721519 16 0.721519 0.721519 0.721519 0.721519 0.721519 0.721519
0.898734 0.898734 0 0 0 0 0 0 0 0.721519;
invol-1 0.708861 16 0.708861 0.708861 0.708861 0.708861 0.708861 0.708861
0.708861 0.873418 0 0 0 0 0 0 0 0.708861;
2-p hip 0 16 0.559055 0.559055 0.559055 0.259843 0 0.472441 0.291339
0.464567 0 0 0 0 0 0 0 0.559055;
2-p auto 1 0;
2-p pan 0.462 0;
2-p pan-rnd 0.152542 0;
2-p proba 0 0;
2-p pitch 0.204724 16 0.5 0.5 0.5 0.5 0.204724 0.370079 0.5 0.748031
0 0 0 0 0 0 0 0.527559;
2-p pitch-rnd 0.474576 16 0 0 0 0.271186 0.474576 0.372881 0 0.0677966
0 0 0 0 0 0 0 0.254237;
2-p len 0.102362 16 0.0314961 0.0314961 0.259843 0.102362 0.102362
0.015748 0.015748 0.0393701 0 0 0 0 0 0 0 0.259843;
2-p len-rnd 0.881356 16 0.118644 0.118644 0.440678 0.881356 0.881356
0.254237 0.254237 0.0169492 0 0 0 0 0 0 0 0.440678;
2-p start 0 16 0.00787402 0.00787402 0.00787402 0.00787402 0 0.00787402
0 0 0 0 0 0 0 0 0 0.00787402;
2-p start-rnd 0.288136 16 0.20339 0.20339 0.20339 0.305085 0.288136
0.20339 0.0508475 0.305085 0 0 0 0 0 0 0 0.20339;
2-p spectrum 0.503937 16 0.503937 0.503937 0.503937 0.503937 0.503937
0.503937 0.503937 0.503937 0 0 0 0 0 0 0 0.503937;
2-p envmin 0.755906 16 0.503937 0.503937 0.503937 0.503937 0.755906
0.503937 0.503937 0.503937 0 0 0 0 0 0 0 0.503937;
1-p hip 0 16 0.527559 0.370079 0.370079 0.519685 0 0.370079 0.370079
0.330709 0 0 0 0 0 0 0 0.370079;
1-p auto 1 0;
1-p pan 0.516 0;
1-p pan-rnd 0.322034 0;
1-p proba 0 0;
1-p pitch 0.275591 16 0.5 0.519685 0.527559 0.527559 0.275591 0.527559
0.527559 0.385827 0 0 0 0 0 0 0 0.5;
1-p pitch-rnd 0.474576 16 0 0.169492 0.288136 0.288136 0.474576 0.288136
0.288136 0.0677966 0 0 0 0 0 0 0 0;
1-p len 0.629921 16 0.0314961 0.629921 0.629921 0.629921 0.629921 0.629921
0.629921 0.0708661 0 0 0 0 0 0 0 0.629921;
1-p len-rnd 0.135593 16 0.101695 0.135593 0.135593 0.135593 0.135593
0.135593 0.135593 0.0677966 0 0 0 0 0 0 0 0.135593;
1-p start 0 16 0.015748 0.015748 0.015748 0.015748 0 0.015748 0.015748
0.015748 0 0 0 0 0 0 0 0.015748;
1-p start-rnd 0.271186 16 0.20339 0.135593 0.135593 0.135593 0.271186
0.135593 0.135593 0.322034 0 0 0 0 0 0 0 0.135593;
1-p spectrum 0.496063 16 0.496063 0.496063 0.496063 0.496063 0.496063
0.496063 0.496063 0.496063 0 0 0 0 0 0 0 0.496063;
1-p envmin 0.771654 16 0.496063 0.496063 0.496063 0.496063 0.771654
0.496063 0.496063 0.496063 0 0 0 0 0 0 0 0.496063;
